x <- 58
y <- 20
z <- 
  
  dataset (airquali
           
1+1

airquality

exp (1)
 67329+27362
 